415 5177
0 2
0 4
0 6
0 17
0 18
0 19
0 20
0 21
0 22
2 8
2 10
2 12
2 13
2 14
2 15
2 16
2 23
2 24
2 25
2 26
2 27
2 28
2 29
2 30
4 8
4 10
4 12
4 13
4 14
4 15
4 16
4 23
4 24
4 25
4 26
4 27
4 28
4 29
4 30
6 8
6 12
6 13
6 14
6 15
6 16
6 23
6 24
6 27
6 28
6 29
6 30
8 10
8 12
8 13
8 14
8 17
8 18
8 19
8 20
8 21
8 22
8 25
8 26
8 27
8 28
8 29
8 30
10 12
10 14
10 17
10 18
10 19
10 20
10 23
10 24
10 25
10 26
10 27
10 28
10 29
10 30
12 13
12 14
12 17
12 18
12 19
12 20
12 21
12 22
12 23
12 24
12 25
12 26
12 27
12 28
12 29
12 30
13 14
13 17
13 18
13 19
13 20
13 21
13 22
13 23
13 24
13 25
13 26
13 27
13 28
13 29
13 30
14 17
14 18
14 19
14 20
14 21
14 22
14 23
14 24
14 25
14 26
14 27
14 28
14 29
14 30
15 17
15 18
15 19
15 20
15 21
15 22
16 17
16 18
16 19
16 20
16 21
16 22
16 33
16 34
16 35
16 36
16 37
16 38
17 23
17 24
17 25
17 26
17 27
17 28
17 29
17 30
17 31
17 32
17 39
17 40
17 41
17 42
17 43
17 44
17 45
17 46
18 23
18 24
18 25
18 26
18 27
18 28
18 29
18 30
18 31
18 32
18 39
18 40
18 41
18 42
18 43
18 44
18 45
18 46
19 23
19 24
19 25
19 26
19 27
19 28
19 29
19 30
20 23
20 24
20 25
20 26
20 27
20 28
20 29
20 30
20 31
20 32
20 39
20 40
20 41
20 42
20 43
20 44
20 45
20 46
21 23
21 24
21 27
21 28
21 29
21 30
22 23
22 24
22 27
22 28
22 29
22 30
22 31
22 32
22 39
22 40
22 43
22 44
22 45
22 46
23 25
23 26
23 27
23 28
23 29
23 30
24 25
24 26
24 27
24 28
24 29
24 30
24 33
24 34
24 35
24 36
24 37
24 38
24 41
24 42
24 43
24 44
24 45
24 46
25 26
25 27
25 28
25 29
25 30
26 27
26 28
26 29
26 30
26 33
26 34
26 35
26 36
26 39
26 40
26 41
26 42
26 43
26 44
26 45
26 46
27 28
27 29
27 30
27 33
27 34
27 35
27 36
27 37
27 38
27 39
27 40
27 41
27 42
27 43
27 44
27 45
27 46
28 29
28 30
28 33
28 34
28 35
28 36
28 37
28 38
28 39
28 40
28 41
28 42
28 43
28 44
28 45
28 46
29 30
29 33
29 34
29 35
29 36
29 37
29 38
29 39
29 40
29 41
29 42
29 43
29 44
29 45
29 46
30 33
30 34
30 35
30 36
30 37
30 38
30 39
30 40
30 41
30 42
30 43
30 44
30 45
30 46
31 33
31 34
31 35
31 36
31 37
31 38
32 33
32 34
32 35
32 36
32 37
32 38
32 49
32 50
32 51
32 52
32 53
32 54
33 39
33 40
33 41
33 42
33 43
33 44
33 45
33 46
33 47
33 48
33 55
33 56
33 57
33 58
33 59
33 60
33 61
33 62
34 39
34 40
34 41
34 42
34 43
34 44
34 45
34 46
34 47
34 48
34 55
34 56
34 57
34 58
34 59
34 60
34 61
34 62
35 39
35 40
35 41
35 42
35 43
35 44
35 45
35 46
36 39
36 40
36 41
36 42
36 43
36 44
36 45
36 46
36 47
36 48
36 55
36 56
36 57
36 58
36 59
36 60
36 61
36 62
37 39
37 40
37 43
37 44
37 45
37 46
38 39
38 40
38 43
38 44
38 45
38 46
38 47
38 48
38 55
38 56
38 59
38 60
38 61
38 62
39 41
39 42
39 43
39 44
39 45
39 46
40 41
40 42
40 43
40 44
40 45
40 46
40 49
40 50
40 51
40 52
40 53
40 54
40 57
40 58
40 59
40 60
40 61
40 62
41 42
41 43
41 44
41 45
41 46
42 43
42 44
42 45
42 46
42 49
42 50
42 51
42 52
42 55
42 56
42 57
42 58
42 59
42 60
42 61
42 62
43 44
43 45
43 46
43 49
43 50
43 51
43 52
43 53
43 54
43 55
43 56
43 57
43 58
43 59
43 60
43 61
43 62
44 45
44 46
44 49
44 50
44 51
44 52
44 53
44 54
44 55
44 56
44 57
44 58
44 59
44 60
44 61
44 62
45 46
45 49
45 50
45 51
45 52
45 53
45 54
45 55
45 56
45 57
45 58
45 59
45 60
45 61
45 62
46 49
46 50
46 51
46 52
46 53
46 54
46 55
46 56
46 57
46 58
46 59
46 60
46 61
46 62
47 49
47 50
47 51
47 52
47 53
47 54
48 49
48 50
48 51
48 52
48 53
48 54
48 65
48 66
48 67
48 68
48 69
48 70
49 55
49 56
49 57
49 58
49 59
49 60
49 61
49 62
49 63
49 64
49 71
49 72
49 73
49 74
49 75
49 76
49 77
49 78
50 55
50 56
50 57
50 58
50 59
50 60
50 61
50 62
50 63
50 64
50 71
50 72
50 73
50 74
50 75
50 76
50 77
50 78
51 55
51 56
51 57
51 58
51 59
51 60
51 61
51 62
52 55
52 56
52 57
52 58
52 59
52 60
52 61
52 62
52 63
52 64
52 71
52 72
52 73
52 74
52 75
52 76
52 77
52 78
53 55
53 56
53 59
53 60
53 61
53 62
54 55
54 56
54 59
54 60
54 61
54 62
54 63
54 64
54 71
54 72
54 75
54 76
54 77
54 78
55 57
55 58
55 59
55 60
55 61
55 62
56 57
56 58
56 59
56 60
56 61
56 62
56 65
56 66
56 67
56 68
56 69
56 70
56 73
56 74
56 75
56 76
56 77
56 78
57 58
57 59
57 60
57 61
57 62
58 59
58 60
58 61
58 62
58 65
58 66
58 67
58 68
58 71
58 72
58 73
58 74
58 75
58 76
58 77
58 78
59 60
59 61
59 62
59 65
59 66
59 67
59 68
59 69
59 70
59 71
59 72
59 73
59 74
59 75
59 76
59 77
59 78
60 61
60 62
60 65
60 66
60 67
60 68
60 69
60 70
60 71
60 72
60 73
60 74
60 75
60 76
60 77
60 78
61 62
61 65
61 66
61 67
61 68
61 69
61 70
61 71
61 72
61 73
61 74
61 75
61 76
61 77
61 78
62 65
62 66
62 67
62 68
62 69
62 70
62 71
62 72
62 73
62 74
62 75
62 76
62 77
62 78
63 65
63 66
63 67
63 68
63 69
63 70
64 65
64 66
64 67
64 68
64 69
64 70
64 81
64 82
64 83
64 84
64 85
64 86
65 71
65 72
65 73
65 74
65 75
65 76
65 77
65 78
65 79
65 80
65 87
65 88
65 89
65 90
65 91
65 92
65 93
65 94
66 71
66 72
66 73
66 74
66 75
66 76
66 77
66 78
66 79
66 80
66 87
66 88
66 89
66 90
66 91
66 92
66 93
66 94
67 71
67 72
67 73
67 74
67 75
67 76
67 77
67 78
68 71
68 72
68 73
68 74
68 75
68 76
68 77
68 78
68 79
68 80
68 87
68 88
68 89
68 90
68 91
68 92
68 93
68 94
69 71
69 72
69 75
69 76
69 77
69 78
70 71
70 72
70 75
70 76
70 77
70 78
70 79
70 80
70 87
70 88
70 91
70 92
70 93
70 94
71 73
71 74
71 75
71 76
71 77
71 78
72 73
72 74
72 75
72 76
72 77
72 78
72 81
72 82
72 83
72 84
72 85
72 86
72 89
72 90
72 91
72 92
72 93
72 94
73 74
73 75
73 76
73 77
73 78
74 75
74 76
74 77
74 78
74 81
74 82
74 83
74 84
74 87
74 88
74 89
74 90
74 91
74 92
74 93
74 94
75 76
75 77
75 78
75 81
75 82
75 83
75 84
75 85
75 86
75 87
75 88
75 89
75 90
75 91
75 92
75 93
75 94
76 77
76 78
76 81
76 82
76 83
76 84
76 85
76 86
76 87
76 88
76 89
76 90
76 91
76 92
76 93
76 94
77 78
77 81
77 82
77 83
77 84
77 85
77 86
77 87
77 88
77 89
77 90
77 91
77 92
77 93
77 94
78 81
78 82
78 83
78 84
78 85
78 86
78 87
78 88
78 89
78 90
78 91
78 92
78 93
78 94
79 81
79 82
79 83
79 84
79 85
79 86
80 81
80 82
80 83
80 84
80 85
80 86
80 97
80 98
80 99
80 100
80 101
80 102
81 87
81 88
81 89
81 90
81 91
81 92
81 93
81 94
81 95
81 96
81 103
81 104
81 105
81 106
81 107
81 108
81 109
81 110
82 87
82 88
82 89
82 90
82 91
82 92
82 93
82 94
82 95
82 96
82 103
82 104
82 105
82 106
82 107
82 108
82 109
82 110
83 87
83 88
83 89
83 90
83 91
83 92
83 93
83 94
84 87
84 88
84 89
84 90
84 91
84 92
84 93
84 94
84 95
84 96
84 103
84 104
84 105
84 106
84 107
84 108
84 109
84 110
85 87
85 88
85 91
85 92
85 93
85 94
86 87
86 88
86 91
86 92
86 93
86 94
86 95
86 96
86 103
86 104
86 107
86 108
86 109
86 110
87 89
87 90
87 91
87 92
87 93
87 94
88 89
88 90
88 91
88 92
88 93
88 94
88 97
88 98
88 99
88 100
88 101
88 102
88 105
88 106
88 107
88 108
88 109
88 110
89 90
89 91
89 92
89 93
89 94
90 91
90 92
90 93
90 94
90 97
90 98
90 99
90 100
90 103
90 104
90 105
90 106
90 107
90 108
90 109
90 110
91 92
91 93
91 94
91 97
91 98
91 99
91 100
91 101
91 102
91 103
91 104
91 105
91 106
91 107
91 108
91 109
91 110
92 93
92 94
92 97
92 98
92 99
92 100
92 101
92 102
92 103
92 104
92 105
92 106
92 107
92 108
92 109
92 110
93 94
93 97
93 98
93 99
93 100
93 101
93 102
93 103
93 104
93 105
93 106
93 107
93 108
93 109
93 110
94 97
94 98
94 99
94 100
94 101
94 102
94 103
94 104
94 105
94 106
94 107
94 108
94 109
94 110
95 97
95 98
95 99
95 100
95 101
95 102
96 97
96 98
96 99
96 100
96 101
96 102
96 113
96 114
96 115
96 116
96 117
96 118
97 103
97 104
97 105
97 106
97 107
97 108
97 109
97 110
97 111
97 112
97 119
97 120
97 121
97 122
97 123
97 124
97 125
97 126
98 103
98 104
98 105
98 106
98 107
98 108
98 109
98 110
98 111
98 112
98 119
98 120
98 121
98 122
98 123
98 124
98 125
98 126
99 103
99 104
99 105
99 106
99 107
99 108
99 109
99 110
100 103
100 104
100 105
100 106
100 107
100 108
100 109
100 110
100 111
100 112
100 119
100 120
100 121
100 122
100 123
100 124
100 125
100 126
101 103
101 104
101 107
101 108
101 109
101 110
102 103
102 104
102 107
102 108
102 109
102 110
102 111
102 112
102 119
102 120
102 123
102 124
102 125
102 126
103 105
103 106
103 107
103 108
103 109
103 110
104 105
104 106
104 107
104 108
104 109
104 110
104 113
104 114
104 115
104 116
104 117
104 118
104 121
104 122
104 123
104 124
104 125
104 126
105 106
105 107
105 108
105 109
105 110
106 107
106 108
106 109
106 110
106 113
106 114
106 115
106 116
106 119
106 120
106 121
106 122
106 123
106 124
106 125
106 126
107 108
107 109
107 110
107 113
107 114
107 115
107 116
107 117
107 118
107 119
107 120
107 121
107 122
107 123
107 124
107 125
107 126
108 109
108 110
108 113
108 114
108 115
108 116
108 117
108 118
108 119
108 120
108 121
108 122
108 123
108 124
108 125
108 126
109 110
109 113
109 114
109 115
109 116
109 117
109 118
109 119
109 120
109 121
109 122
109 123
109 124
109 125
109 126
110 113
110 114
110 115
110 116
110 117
110 118
110 119
110 120
110 121
110 122
110 123
110 124
110 125
110 126
111 113
111 114
111 115
111 116
111 117
111 118
112 113
112 114
112 115
112 116
112 117
112 118
112 129
112 130
112 131
112 132
112 133
112 134
113 119
113 120
113 121
113 122
113 123
113 124
113 125
113 126
113 127
113 128
113 135
113 136
113 137
113 138
113 139
113 140
113 141
113 142
114 119
114 120
114 121
114 122
114 123
114 124
114 125
114 126
114 127
114 128
114 135
114 136
114 137
114 138
114 139
114 140
114 141
114 142
115 119
115 120
115 121
115 122
115 123
115 124
115 125
115 126
116 119
116 120
116 121
116 122
116 123
116 124
116 125
116 126
116 127
116 128
116 135
116 136
116 137
116 138
116 139
116 140
116 141
116 142
117 119
117 120
117 123
117 124
117 125
117 126
118 119
118 120
118 123
118 124
118 125
118 126
118 127
118 128
118 135
118 136
118 139
118 140
118 141
118 142
119 121
119 122
119 123
119 124
119 125
119 126
120 121
120 122
120 123
120 124
120 125
120 126
120 129
120 130
120 131
120 132
120 133
120 134
120 137
120 138
120 139
120 140
120 141
120 142
121 122
121 123
121 124
121 125
121 126
122 123
122 124
122 125
122 126
122 129
122 130
122 131
122 132
122 135
122 136
122 137
122 138
122 139
122 140
122 141
122 142
123 124
123 125
123 126
123 129
123 130
123 131
123 132
123 133
123 134
123 135
123 136
123 137
123 138
123 139
123 140
123 141
123 142
124 125
124 126
124 129
124 130
124 131
124 132
124 133
124 134
124 135
124 136
124 137
124 138
124 139
124 140
124 141
124 142
125 126
125 129
125 130
125 131
125 132
125 133
125 134
125 135
125 136
125 137
125 138
125 139
125 140
125 141
125 142
126 129
126 130
126 131
126 132
126 133
126 134
126 135
126 136
126 137
126 138
126 139
126 140
126 141
126 142
127 129
127 130
127 131
127 132
127 133
127 134
128 129
128 130
128 131
128 132
128 133
128 134
128 145
128 146
128 147
128 148
128 149
128 150
129 135
129 136
129 137
129 138
129 139
129 140
129 141
129 142
129 143
129 144
129 151
129 152
129 153
129 154
129 155
129 156
129 157
129 158
130 135
130 136
130 137
130 138
130 139
130 140
130 141
130 142
130 143
130 144
130 151
130 152
130 153
130 154
130 155
130 156
130 157
130 158
131 135
131 136
131 137
131 138
131 139
131 140
131 141
131 142
132 135
132 136
132 137
132 138
132 139
132 140
132 141
132 142
132 143
132 144
132 151
132 152
132 153
132 154
132 155
132 156
132 157
132 158
133 135
133 136
133 139
133 140
133 141
133 142
134 135
134 136
134 139
134 140
134 141
134 142
134 143
134 144
134 151
134 152
134 155
134 156
134 157
134 158
135 137
135 138
135 139
135 140
135 141
135 142
136 137
136 138
136 139
136 140
136 141
136 142
136 145
136 146
136 147
136 148
136 149
136 150
136 153
136 154
136 155
136 156
136 157
136 158
137 138
137 139
137 140
137 141
137 142
138 139
138 140
138 141
138 142
138 145
138 146
138 147
138 148
138 151
138 152
138 153
138 154
138 155
138 156
138 157
138 158
139 140
139 141
139 142
139 145
139 146
139 147
139 148
139 149
139 150
139 151
139 152
139 153
139 154
139 155
139 156
139 157
139 158
140 141
140 142
140 145
140 146
140 147
140 148
140 149
140 150
140 151
140 152
140 153
140 154
140 155
140 156
140 157
140 158
141 142
141 145
141 146
141 147
141 148
141 149
141 150
141 151
141 152
141 153
141 154
141 155
141 156
141 157
141 158
142 145
142 146
142 147
142 148
142 149
142 150
142 151
142 152
142 153
142 154
142 155
142 156
142 157
142 158
143 145
143 146
143 147
143 148
143 149
143 150
144 145
144 146
144 147
144 148
144 149
144 150
144 161
144 162
144 163
144 164
144 165
144 166
145 151
145 152
145 153
145 154
145 155
145 156
145 157
145 158
145 159
145 160
145 167
145 168
145 169
145 170
145 171
145 172
145 173
145 174
146 151
146 152
146 153
146 154
146 155
146 156
146 157
146 158
146 159
146 160
146 167
146 168
146 169
146 170
146 171
146 172
146 173
146 174
147 151
147 152
147 153
147 154
147 155
147 156
147 157
147 158
148 151
148 152
148 153
148 154
148 155
148 156
148 157
148 158
148 159
148 160
148 167
148 168
148 169
148 170
148 171
148 172
148 173
148 174
149 151
149 152
149 155
149 156
149 157
149 158
150 151
150 152
150 155
150 156
150 157
150 158
150 159
150 160
150 167
150 168
150 171
150 172
150 173
150 174
151 153
151 154
151 155
151 156
151 157
151 158
152 153
152 154
152 155
152 156
152 157
152 158
152 161
152 162
152 163
152 164
152 165
152 166
152 169
152 170
152 171
152 172
152 173
152 174
153 154
153 155
153 156
153 157
153 158
154 155
154 156
154 157
154 158
154 161
154 162
154 163
154 164
154 167
154 168
154 169
154 170
154 171
154 172
154 173
154 174
155 156
155 157
155 158
155 161
155 162
155 163
155 164
155 165
155 166
155 167
155 168
155 169
155 170
155 171
155 172
155 173
155 174
156 157
156 158
156 161
156 162
156 163
156 164
156 165
156 166
156 167
156 168
156 169
156 170
156 171
156 172
156 173
156 174
157 158
157 161
157 162
157 163
157 164
157 165
157 166
157 167
157 168
157 169
157 170
157 171
157 172
157 173
157 174
158 161
158 162
158 163
158 164
158 165
158 166
158 167
158 168
158 169
158 170
158 171
158 172
158 173
158 174
159 161
159 162
159 163
159 164
159 165
159 166
160 161
160 162
160 163
160 164
160 165
160 166
160 177
160 178
160 179
160 180
160 181
160 182
161 167
161 168
161 169
161 170
161 171
161 172
161 173
161 174
161 175
161 176
161 183
161 184
161 185
161 186
161 187
161 188
161 189
161 190
162 167
162 168
162 169
162 170
162 171
162 172
162 173
162 174
162 175
162 176
162 183
162 184
162 185
162 186
162 187
162 188
162 189
162 190
163 167
163 168
163 169
163 170
163 171
163 172
163 173
163 174
164 167
164 168
164 169
164 170
164 171
164 172
164 173
164 174
164 175
164 176
164 183
164 184
164 185
164 186
164 187
164 188
164 189
164 190
165 167
165 168
165 171
165 172
165 173
165 174
166 167
166 168
166 171
166 172
166 173
166 174
166 175
166 176
166 183
166 184
166 187
166 188
166 189
166 190
167 169
167 170
167 171
167 172
167 173
167 174
168 169
168 170
168 171
168 172
168 173
168 174
168 177
168 178
168 179
168 180
168 181
168 182
168 185
168 186
168 187
168 188
168 189
168 190
169 170
169 171
169 172
169 173
169 174
170 171
170 172
170 173
170 174
170 177
170 178
170 179
170 180
170 183
170 184
170 185
170 186
170 187
170 188
170 189
170 190
171 172
171 173
171 174
171 177
171 178
171 179
171 180
171 181
171 182
171 183
171 184
171 185
171 186
171 187
171 188
171 189
171 190
172 173
172 174
172 177
172 178
172 179
172 180
172 181
172 182
172 183
172 184
172 185
172 186
172 187
172 188
172 189
172 190
173 174
173 177
173 178
173 179
173 180
173 181
173 182
173 183
173 184
173 185
173 186
173 187
173 188
173 189
173 190
174 177
174 178
174 179
174 180
174 181
174 182
174 183
174 184
174 185
174 186
174 187
174 188
174 189
174 190
175 177
175 178
175 179
175 180
175 181
175 182
176 177
176 178
176 179
176 180
176 181
176 182
176 193
176 194
176 195
176 196
176 197
176 198
177 183
177 184
177 185
177 186
177 187
177 188
177 189
177 190
177 191
177 192
177 199
177 200
177 201
177 202
177 203
177 204
177 205
177 206
178 183
178 184
178 185
178 186
178 187
178 188
178 189
178 190
178 191
178 192
178 199
178 200
178 201
178 202
178 203
178 204
178 205
178 206
179 183
179 184
179 185
179 186
179 187
179 188
179 189
179 190
180 183
180 184
180 185
180 186
180 187
180 188
180 189
180 190
180 191
180 192
180 199
180 200
180 201
180 202
180 203
180 204
180 205
180 206
181 183
181 184
181 187
181 188
181 189
181 190
182 183
182 184
182 187
182 188
182 189
182 190
182 191
182 192
182 199
182 200
182 203
182 204
182 205
182 206
183 185
183 186
183 187
183 188
183 189
183 190
184 185
184 186
184 187
184 188
184 189
184 190
184 193
184 194
184 195
184 196
184 197
184 198
184 201
184 202
184 203
184 204
184 205
184 206
185 186
185 187
185 188
185 189
185 190
186 187
186 188
186 189
186 190
186 193
186 194
186 195
186 196
186 199
186 200
186 201
186 202
186 203
186 204
186 205
186 206
187 188
187 189
187 190
187 193
187 194
187 195
187 196
187 197
187 198
187 199
187 200
187 201
187 202
187 203
187 204
187 205
187 206
188 189
188 190
188 193
188 194
188 195
188 196
188 197
188 198
188 199
188 200
188 201
188 202
188 203
188 204
188 205
188 206
189 190
189 193
189 194
189 195
189 196
189 197
189 198
189 199
189 200
189 201
189 202
189 203
189 204
189 205
189 206
190 193
190 194
190 195
190 196
190 197
190 198
190 199
190 200
190 201
190 202
190 203
190 204
190 205
190 206
191 193
191 194
191 195
191 196
191 197
191 198
192 193
192 194
192 195
192 196
192 197
192 198
192 209
192 210
192 211
192 212
192 213
192 214
193 199
193 200
193 201
193 202
193 203
193 204
193 205
193 206
193 207
193 208
193 215
193 216
193 217
193 218
193 219
193 220
193 221
193 222
194 199
194 200
194 201
194 202
194 203
194 204
194 205
194 206
194 207
194 208
194 215
194 216
194 217
194 218
194 219
194 220
194 221
194 222
195 199
195 200
195 201
195 202
195 203
195 204
195 205
195 206
196 199
196 200
196 201
196 202
196 203
196 204
196 205
196 206
196 207
196 208
196 215
196 216
196 217
196 218
196 219
196 220
196 221
196 222
197 199
197 200
197 203
197 204
197 205
197 206
198 199
198 200
198 203
198 204
198 205
198 206
198 207
198 208
198 215
198 216
198 219
198 220
198 221
198 222
199 201
199 202
199 203
199 204
199 205
199 206
200 201
200 202
200 203
200 204
200 205
200 206
200 209
200 210
200 211
200 212
200 213
200 214
200 217
200 218
200 219
200 220
200 221
200 222
201 202
201 203
201 204
201 205
201 206
202 203
202 204
202 205
202 206
202 209
202 210
202 211
202 212
202 215
202 216
202 217
202 218
202 219
202 220
202 221
202 222
203 204
203 205
203 206
203 209
203 210
203 211
203 212
203 213
203 214
203 215
203 216
203 217
203 218
203 219
203 220
203 221
203 222
204 205
204 206
204 209
204 210
204 211
204 212
204 213
204 214
204 215
204 216
204 217
204 218
204 219
204 220
204 221
204 222
205 206
205 209
205 210
205 211
205 212
205 213
205 214
205 215
205 216
205 217
205 218
205 219
205 220
205 221
205 222
206 209
206 210
206 211
206 212
206 213
206 214
206 215
206 216
206 217
206 218
206 219
206 220
206 221
206 222
207 209
207 210
207 211
207 212
207 213
207 214
208 209
208 210
208 211
208 212
208 213
208 214
208 225
208 226
208 227
208 228
208 229
208 230
209 215
209 216
209 217
209 218
209 219
209 220
209 221
209 222
209 223
209 224
209 231
209 232
209 233
209 234
209 235
209 236
209 237
209 238
210 215
210 216
210 217
210 218
210 219
210 220
210 221
210 222
210 223
210 224
210 231
210 232
210 233
210 234
210 235
210 236
210 237
210 238
211 215
211 216
211 217
211 218
211 219
211 220
211 221
211 222
212 215
212 216
212 217
212 218
212 219
212 220
212 221
212 222
212 223
212 224
212 231
212 232
212 233
212 234
212 235
212 236
212 237
212 238
213 215
213 216
213 219
213 220
213 221
213 222
214 215
214 216
214 219
214 220
214 221
214 222
214 223
214 224
214 231
214 232
214 235
214 236
214 237
214 238
215 217
215 218
215 219
215 220
215 221
215 222
216 217
216 218
216 219
216 220
216 221
216 222
216 225
216 226
216 227
216 228
216 229
216 230
216 233
216 234
216 235
216 236
216 237
216 238
217 218
217 219
217 220
217 221
217 222
218 219
218 220
218 221
218 222
218 225
218 226
218 227
218 228
218 231
218 232
218 233
218 234
218 235
218 236
218 237
218 238
219 220
219 221
219 222
219 225
219 226
219 227
219 228
219 229
219 230
219 231
219 232
219 233
219 234
219 235
219 236
219 237
219 238
220 221
220 222
220 225
220 226
220 227
220 228
220 229
220 230
220 231
220 232
220 233
220 234
220 235
220 236
220 237
220 238
221 222
221 225
221 226
221 227
221 228
221 229
221 230
221 231
221 232
221 233
221 234
221 235
221 236
221 237
221 238
222 225
222 226
222 227
222 228
222 229
222 230
222 231
222 232
222 233
222 234
222 235
222 236
222 237
222 238
223 225
223 226
223 227
223 228
223 229
223 230
224 225
224 226
224 227
224 228
224 229
224 230
224 241
224 242
224 243
224 244
224 245
224 246
225 231
225 232
225 233
225 234
225 235
225 236
225 237
225 238
225 239
225 240
225 247
225 248
225 249
225 250
225 251
225 252
225 253
225 254
226 231
226 232
226 233
226 234
226 235
226 236
226 237
226 238
226 239
226 240
226 247
226 248
226 249
226 250
226 251
226 252
226 253
226 254
227 231
227 232
227 233
227 234
227 235
227 236
227 237
227 238
228 231
228 232
228 233
228 234
228 235
228 236
228 237
228 238
228 239
228 240
228 247
228 248
228 249
228 250
228 251
228 252
228 253
228 254
229 231
229 232
229 235
229 236
229 237
229 238
230 231
230 232
230 235
230 236
230 237
230 238
230 239
230 240
230 247
230 248
230 251
230 252
230 253
230 254
231 233
231 234
231 235
231 236
231 237
231 238
232 233
232 234
232 235
232 236
232 237
232 238
232 241
232 242
232 243
232 244
232 245
232 246
232 249
232 250
232 251
232 252
232 253
232 254
233 234
233 235
233 236
233 237
233 238
234 235
234 236
234 237
234 238
234 241
234 242
234 243
234 244
234 247
234 248
234 249
234 250
234 251
234 252
234 253
234 254
235 236
235 237
235 238
235 241
235 242
235 243
235 244
235 245
235 246
235 247
235 248
235 249
235 250
235 251
235 252
235 253
235 254
236 237
236 238
236 241
236 242
236 243
236 244
236 245
236 246
236 247
236 248
236 249
236 250
236 251
236 252
236 253
236 254
237 238
237 241
237 242
237 243
237 244
237 245
237 246
237 247
237 248
237 249
237 250
237 251
237 252
237 253
237 254
238 241
238 242
238 243
238 244
238 245
238 246
238 247
238 248
238 249
238 250
238 251
238 252
238 253
238 254
239 241
239 242
239 243
239 244
239 245
239 246
240 241
240 242
240 243
240 244
240 245
240 246
240 257
240 258
240 259
240 260
240 261
240 262
241 247
241 248
241 249
241 250
241 251
241 252
241 253
241 254
241 255
241 256
241 263
241 264
241 265
241 266
241 267
241 268
241 269
241 270
242 247
242 248
242 249
242 250
242 251
242 252
242 253
242 254
242 255
242 256
242 263
242 264
242 265
242 266
242 267
242 268
242 269
242 270
243 247
243 248
243 249
243 250
243 251
243 252
243 253
243 254
244 247
244 248
244 249
244 250
244 251
244 252
244 253
244 254
244 255
244 256
244 263
244 264
244 265
244 266
244 267
244 268
244 269
244 270
245 247
245 248
245 251
245 252
245 253
245 254
246 247
246 248
246 251
246 252
246 253
246 254
246 255
246 256
246 263
246 264
246 267
246 268
246 269
246 270
247 249
247 250
247 251
247 252
247 253
247 254
248 249
248 250
248 251
248 252
248 253
248 254
248 257
248 258
248 259
248 260
248 261
248 262
248 265
248 266
248 267
248 268
248 269
248 270
249 250
249 251
249 252
249 253
249 254
250 251
250 252
250 253
250 254
250 257
250 258
250 259
250 260
250 263
250 264
250 265
250 266
250 267
250 268
250 269
250 270
251 252
251 253
251 254
251 257
251 258
251 259
251 260
251 261
251 262
251 263
251 264
251 265
251 266
251 267
251 268
251 269
251 270
252 253
252 254
252 257
252 258
252 259
252 260
252 261
252 262
252 263
252 264
252 265
252 266
252 267
252 268
252 269
252 270
253 254
253 257
253 258
253 259
253 260
253 261
253 262
253 263
253 264
253 265
253 266
253 267
253 268
253 269
253 270
254 257
254 258
254 259
254 260
254 261
254 262
254 263
254 264
254 265
254 266
254 267
254 268
254 269
254 270
255 257
255 258
255 259
255 260
255 261
255 262
256 257
256 258
256 259
256 260
256 261
256 262
256 273
256 274
256 275
256 276
256 277
256 278
257 263
257 264
257 265
257 266
257 267
257 268
257 269
257 270
257 271
257 272
257 279
257 280
257 281
257 282
257 283
257 284
257 285
257 286
258 263
258 264
258 265
258 266
258 267
258 268
258 269
258 270
258 271
258 272
258 279
258 280
258 281
258 282
258 283
258 284
258 285
258 286
259 263
259 264
259 265
259 266
259 267
259 268
259 269
259 270
260 263
260 264
260 265
260 266
260 267
260 268
260 269
260 270
260 271
260 272
260 279
260 280
260 281
260 282
260 283
260 284
260 285
260 286
261 263
261 264
261 267
261 268
261 269
261 270
262 263
262 264
262 267
262 268
262 269
262 270
262 271
262 272
262 279
262 280
262 283
262 284
262 285
262 286
263 265
263 266
263 267
263 268
263 269
263 270
264 265
264 266
264 267
264 268
264 269
264 270
264 273
264 274
264 275
264 276
264 277
264 278
264 281
264 282
264 283
264 284
264 285
264 286
265 266
265 267
265 268
265 269
265 270
266 267
266 268
266 269
266 270
266 273
266 274
266 275
266 276
266 279
266 280
266 281
266 282
266 283
266 284
266 285
266 286
267 268
267 269
267 270
267 273
267 274
267 275
267 276
267 277
267 278
267 279
267 280
267 281
267 282
267 283
267 284
267 285
267 286
268 269
268 270
268 273
268 274
268 275
268 276
268 277
268 278
268 279
268 280
268 281
268 282
268 283
268 284
268 285
268 286
269 270
269 273
269 274
269 275
269 276
269 277
269 278
269 279
269 280
269 281
269 282
269 283
269 284
269 285
269 286
270 273
270 274
270 275
270 276
270 277
270 278
270 279
270 280
270 281
270 282
270 283
270 284
270 285
270 286
271 273
271 274
271 275
271 276
271 277
271 278
272 273
272 274
272 275
272 276
272 277
272 278
272 289
272 290
272 291
272 292
272 293
272 294
273 279
273 280
273 281
273 282
273 283
273 284
273 285
273 286
273 287
273 288
273 295
273 296
273 297
273 298
273 299
273 300
273 301
273 302
274 279
274 280
274 281
274 282
274 283
274 284
274 285
274 286
274 287
274 288
274 295
274 296
274 297
274 298
274 299
274 300
274 301
274 302
275 279
275 280
275 281
275 282
275 283
275 284
275 285
275 286
276 279
276 280
276 281
276 282
276 283
276 284
276 285
276 286
276 287
276 288
276 295
276 296
276 297
276 298
276 299
276 300
276 301
276 302
277 279
277 280
277 283
277 284
277 285
277 286
278 279
278 280
278 283
278 284
278 285
278 286
278 287
278 288
278 295
278 296
278 299
278 300
278 301
278 302
279 281
279 282
279 283
279 284
279 285
279 286
280 281
280 282
280 283
280 284
280 285
280 286
280 289
280 290
280 291
280 292
280 293
280 294
280 297
280 298
280 299
280 300
280 301
280 302
281 282
281 283
281 284
281 285
281 286
282 283
282 284
282 285
282 286
282 289
282 290
282 291
282 292
282 295
282 296
282 297
282 298
282 299
282 300
282 301
282 302
283 284
283 285
283 286
283 289
283 290
283 291
283 292
283 293
283 294
283 295
283 296
283 297
283 298
283 299
283 300
283 301
283 302
284 285
284 286
284 289
284 290
284 291
284 292
284 293
284 294
284 295
284 296
284 297
284 298
284 299
284 300
284 301
284 302
285 286
285 289
285 290
285 291
285 292
285 293
285 294
285 295
285 296
285 297
285 298
285 299
285 300
285 301
285 302
286 289
286 290
286 291
286 292
286 293
286 294
286 295
286 296
286 297
286 298
286 299
286 300
286 301
286 302
287 289
287 290
287 291
287 292
287 293
287 294
288 289
288 290
288 291
288 292
288 293
288 294
288 305
288 306
288 307
288 308
288 309
288 310
289 295
289 296
289 297
289 298
289 299
289 300
289 301
289 302
289 303
289 304
289 311
289 312
289 313
289 314
289 315
289 316
289 317
289 318
290 295
290 296
290 297
290 298
290 299
290 300
290 301
290 302
290 303
290 304
290 311
290 312
290 313
290 314
290 315
290 316
290 317
290 318
291 295
291 296
291 297
291 298
291 299
291 300
291 301
291 302
292 295
292 296
292 297
292 298
292 299
292 300
292 301
292 302
292 303
292 304
292 311
292 312
292 313
292 314
292 315
292 316
292 317
292 318
293 295
293 296
293 299
293 300
293 301
293 302
294 295
294 296
294 299
294 300
294 301
294 302
294 303
294 304
294 311
294 312
294 315
294 316
294 317
294 318
295 297
295 298
295 299
295 300
295 301
295 302
296 297
296 298
296 299
296 300
296 301
296 302
296 305
296 306
296 307
296 308
296 309
296 310
296 313
296 314
296 315
296 316
296 317
296 318
297 298
297 299
297 300
297 301
297 302
298 299
298 300
298 301
298 302
298 305
298 306
298 307
298 308
298 311
298 312
298 313
298 314
298 315
298 316
298 317
298 318
299 300
299 301
299 302
299 305
299 306
299 307
299 308
299 309
299 310
299 311
299 312
299 313
299 314
299 315
299 316
299 317
299 318
300 301
300 302
300 305
300 306
300 307
300 308
300 309
300 310
300 311
300 312
300 313
300 314
300 315
300 316
300 317
300 318
301 302
301 305
301 306
301 307
301 308
301 309
301 310
301 311
301 312
301 313
301 314
301 315
301 316
301 317
301 318
302 305
302 306
302 307
302 308
302 309
302 310
302 311
302 312
302 313
302 314
302 315
302 316
302 317
302 318
303 305
303 306
303 307
303 308
303 309
303 310
304 305
304 306
304 307
304 308
304 309
304 310
304 321
304 322
304 323
304 324
304 325
304 326
305 311
305 312
305 313
305 314
305 315
305 316
305 317
305 318
305 319
305 320
305 327
305 328
305 329
305 330
305 331
305 332
305 333
305 334
306 311
306 312
306 313
306 314
306 315
306 316
306 317
306 318
306 319
306 320
306 327
306 328
306 329
306 330
306 331
306 332
306 333
306 334
307 311
307 312
307 313
307 314
307 315
307 316
307 317
307 318
308 311
308 312
308 313
308 314
308 315
308 316
308 317
308 318
308 319
308 320
308 327
308 328
308 329
308 330
308 331
308 332
308 333
308 334
309 311
309 312
309 315
309 316
309 317
309 318
310 311
310 312
310 315
310 316
310 317
310 318
310 319
310 320
310 327
310 328
310 331
310 332
310 333
310 334
311 313
311 314
311 315
311 316
311 317
311 318
312 313
312 314
312 315
312 316
312 317
312 318
312 321
312 322
312 323
312 324
312 325
312 326
312 329
312 330
312 331
312 332
312 333
312 334
313 314
313 315
313 316
313 317
313 318
314 315
314 316
314 317
314 318
314 321
314 322
314 323
314 324
314 327
314 328
314 329
314 330
314 331
314 332
314 333
314 334
315 316
315 317
315 318
315 321
315 322
315 323
315 324
315 325
315 326
315 327
315 328
315 329
315 330
315 331
315 332
315 333
315 334
316 317
316 318
316 321
316 322
316 323
316 324
316 325
316 326
316 327
316 328
316 329
316 330
316 331
316 332
316 333
316 334
317 318
317 321
317 322
317 323
317 324
317 325
317 326
317 327
317 328
317 329
317 330
317 331
317 332
317 333
317 334
318 321
318 322
318 323
318 324
318 325
318 326
318 327
318 328
318 329
318 330
318 331
318 332
318 333
318 334
319 321
319 322
319 323
319 324
319 325
319 326
320 321
320 322
320 323
320 324
320 325
320 326
320 337
320 338
320 339
320 340
320 341
320 342
321 327
321 328
321 329
321 330
321 331
321 332
321 333
321 334
321 335
321 336
321 343
321 344
321 345
321 346
321 347
321 348
321 349
321 350
322 327
322 328
322 329
322 330
322 331
322 332
322 333
322 334
322 335
322 336
322 343
322 344
322 345
322 346
322 347
322 348
322 349
322 350
323 327
323 328
323 329
323 330
323 331
323 332
323 333
323 334
324 327
324 328
324 329
324 330
324 331
324 332
324 333
324 334
324 335
324 336
324 343
324 344
324 345
324 346
324 347
324 348
324 349
324 350
325 327
325 328
325 331
325 332
325 333
325 334
326 327
326 328
326 331
326 332
326 333
326 334
326 335
326 336
326 343
326 344
326 347
326 348
326 349
326 350
327 329
327 330
327 331
327 332
327 333
327 334
328 329
328 330
328 331
328 332
328 333
328 334
328 337
328 338
328 339
328 340
328 341
328 342
328 345
328 346
328 347
328 348
328 349
328 350
329 330
329 331
329 332
329 333
329 334
330 331
330 332
330 333
330 334
330 337
330 338
330 339
330 340
330 343
330 344
330 345
330 346
330 347
330 348
330 349
330 350
331 332
331 333
331 334
331 337
331 338
331 339
331 340
331 341
331 342
331 343
331 344
331 345
331 346
331 347
331 348
331 349
331 350
332 333
332 334
332 337
332 338
332 339
332 340
332 341
332 342
332 343
332 344
332 345
332 346
332 347
332 348
332 349
332 350
333 334
333 337
333 338
333 339
333 340
333 341
333 342
333 343
333 344
333 345
333 346
333 347
333 348
333 349
333 350
334 337
334 338
334 339
334 340
334 341
334 342
334 343
334 344
334 345
334 346
334 347
334 348
334 349
334 350
335 337
335 338
335 339
335 340
335 341
335 342
336 337
336 338
336 339
336 340
336 341
336 342
336 353
336 354
336 355
336 356
336 357
336 358
337 343
337 344
337 345
337 346
337 347
337 348
337 349
337 350
337 351
337 352
337 359
337 360
337 361
337 362
337 363
337 364
337 365
337 366
338 343
338 344
338 345
338 346
338 347
338 348
338 349
338 350
338 351
338 352
338 359
338 360
338 361
338 362
338 363
338 364
338 365
338 366
339 343
339 344
339 345
339 346
339 347
339 348
339 349
339 350
340 343
340 344
340 345
340 346
340 347
340 348
340 349
340 350
340 351
340 352
340 359
340 360
340 361
340 362
340 363
340 364
340 365
340 366
341 343
341 344
341 347
341 348
341 349
341 350
342 343
342 344
342 347
342 348
342 349
342 350
342 351
342 352
342 359
342 360
342 363
342 364
342 365
342 366
343 345
343 346
343 347
343 348
343 349
343 350
344 345
344 346
344 347
344 348
344 349
344 350
344 353
344 354
344 355
344 356
344 357
344 358
344 361
344 362
344 363
344 364
344 365
344 366
345 346
345 347
345 348
345 349
345 350
346 347
346 348
346 349
346 350
346 353
346 354
346 355
346 356
346 359
346 360
346 361
346 362
346 363
346 364
346 365
346 366
347 348
347 349
347 350
347 353
347 354
347 355
347 356
347 357
347 358
347 359
347 360
347 361
347 362
347 363
347 364
347 365
347 366
348 349
348 350
348 353
348 354
348 355
348 356
348 357
348 358
348 359
348 360
348 361
348 362
348 363
348 364
348 365
348 366
349 350
349 353
349 354
349 355
349 356
349 357
349 358
349 359
349 360
349 361
349 362
349 363
349 364
349 365
349 366
350 353
350 354
350 355
350 356
350 357
350 358
350 359
350 360
350 361
350 362
350 363
350 364
350 365
350 366
351 353
351 354
351 355
351 356
351 357
351 358
352 353
352 354
352 355
352 356
352 357
352 358
352 369
352 370
352 371
352 372
352 373
352 374
353 359
353 360
353 361
353 362
353 363
353 364
353 365
353 366
353 367
353 368
353 375
353 376
353 377
353 378
353 379
353 380
353 381
353 382
354 359
354 360
354 361
354 362
354 363
354 364
354 365
354 366
354 367
354 368
354 375
354 376
354 377
354 378
354 379
354 380
354 381
354 382
355 359
355 360
355 361
355 362
355 363
355 364
355 365
355 366
356 359
356 360
356 361
356 362
356 363
356 364
356 365
356 366
356 367
356 368
356 375
356 376
356 377
356 378
356 379
356 380
356 381
356 382
357 359
357 360
357 363
357 364
357 365
357 366
358 359
358 360
358 363
358 364
358 365
358 366
358 367
358 368
358 375
358 376
358 379
358 380
358 381
358 382
359 361
359 362
359 363
359 364
359 365
359 366
360 361
360 362
360 363
360 364
360 365
360 366
360 369
360 370
360 371
360 372
360 373
360 374
360 377
360 378
360 379
360 380
360 381
360 382
361 362
361 363
361 364
361 365
361 366
362 363
362 364
362 365
362 366
362 369
362 370
362 371
362 372
362 375
362 376
362 377
362 378
362 379
362 380
362 381
362 382
363 364
363 365
363 366
363 369
363 370
363 371
363 372
363 373
363 374
363 375
363 376
363 377
363 378
363 379
363 380
363 381
363 382
364 365
364 366
364 369
364 370
364 371
364 372
364 373
364 374
364 375
364 376
364 377
364 378
364 379
364 380
364 381
364 382
365 366
365 369
365 370
365 371
365 372
365 373
365 374
365 375
365 376
365 377
365 378
365 379
365 380
365 381
365 382
366 369
366 370
366 371
366 372
366 373
366 374
366 375
366 376
366 377
366 378
366 379
366 380
366 381
366 382
367 369
367 370
367 371
367 372
367 373
367 374
368 369
368 370
368 371
368 372
368 373
368 374
368 385
368 386
368 387
368 388
368 389
368 390
369 375
369 376
369 377
369 378
369 379
369 380
369 381
369 382
369 383
369 384
369 391
369 392
369 393
369 394
369 395
369 396
369 397
369 398
370 375
370 376
370 377
370 378
370 379
370 380
370 381
370 382
370 383
370 384
370 391
370 392
370 393
370 394
370 395
370 396
370 397
370 398
371 375
371 376
371 377
371 378
371 379
371 380
371 381
371 382
372 375
372 376
372 377
372 378
372 379
372 380
372 381
372 382
372 383
372 384
372 391
372 392
372 393
372 394
372 395
372 396
372 397
372 398
373 375
373 376
373 379
373 380
373 381
373 382
374 375
374 376
374 379
374 380
374 381
374 382
374 383
374 384
374 391
374 392
374 395
374 396
374 397
374 398
375 377
375 378
375 379
375 380
375 381
375 382
376 377
376 378
376 379
376 380
376 381
376 382
376 385
376 386
376 387
376 388
376 389
376 390
376 393
376 394
376 395
376 396
376 397
376 398
377 378
377 379
377 380
377 381
377 382
378 379
378 380
378 381
378 382
378 385
378 386
378 387
378 388
378 391
378 392
378 393
378 394
378 395
378 396
378 397
378 398
379 380
379 381
379 382
379 385
379 386
379 387
379 388
379 389
379 390
379 391
379 392
379 393
379 394
379 395
379 396
379 397
379 398
380 381
380 382
380 385
380 386
380 387
380 388
380 389
380 390
380 391
380 392
380 393
380 394
380 395
380 396
380 397
380 398
381 382
381 385
381 386
381 387
381 388
381 389
381 390
381 391
381 392
381 393
381 394
381 395
381 396
381 397
381 398
382 385
382 386
382 387
382 388
382 389
382 390
382 391
382 392
382 393
382 394
382 395
382 396
382 397
382 398
383 385
383 386
383 387
383 388
383 389
383 390
384 385
384 386
384 387
384 388
384 389
384 390
384 401
384 402
384 403
384 404
384 405
384 406
385 391
385 392
385 393
385 394
385 395
385 396
385 397
385 398
385 399
385 400
385 407
385 408
385 409
385 410
385 411
385 412
385 413
385 414
386 391
386 392
386 393
386 394
386 395
386 396
386 397
386 398
386 399
386 400
386 407
386 408
386 409
386 410
386 411
386 412
386 413
386 414
387 391
387 392
387 393
387 394
387 395
387 396
387 397
387 398
388 391
388 392
388 393
388 394
388 395
388 396
388 397
388 398
388 399
388 400
388 407
388 408
388 409
388 410
388 411
388 412
388 413
388 414
389 391
389 392
389 395
389 396
389 397
389 398
390 391
390 392
390 395
390 396
390 397
390 398
390 399
390 400
390 407
390 408
390 411
390 412
390 413
390 414
391 393
391 394
391 395
391 396
391 397
391 398
392 393
392 394
392 395
392 396
392 397
392 398
392 401
392 402
392 403
392 404
392 405
392 406
392 409
392 410
392 411
392 412
392 413
392 414
393 394
393 395
393 396
393 397
393 398
394 395
394 396
394 397
394 398
394 401
394 402
394 403
394 404
394 407
394 408
394 409
394 410
394 411
394 412
394 413
394 414
395 396
395 397
395 398
395 401
395 402
395 403
395 404
395 405
395 406
395 407
395 408
395 409
395 410
395 411
395 412
395 413
395 414
396 397
396 398
396 401
396 402
396 403
396 404
396 405
396 406
396 407
396 408
396 409
396 410
396 411
396 412
396 413
396 414
397 398
397 401
397 402
397 403
397 404
397 405
397 406
397 407
397 408
397 409
397 410
397 411
397 412
397 413
397 414
398 401
398 402
398 403
398 404
398 405
398 406
398 407
398 408
398 409
398 410
398 411
398 412
398 413
398 414
399 401
399 402
399 403
399 404
399 405
399 406
400 401
400 402
400 403
400 404
400 405
400 406
401 407
401 408
401 409
401 410
401 411
401 412
401 413
401 414
402 407
402 408
402 409
402 410
402 411
402 412
402 413
402 414
403 407
403 408
403 409
403 410
403 411
403 412
403 413
403 414
404 407
404 408
404 409
404 410
404 411
404 412
404 413
404 414
405 407
405 408
405 411
405 412
405 413
405 414
406 407
406 408
406 411
406 412
406 413
406 414
407 409
407 410
407 411
407 412
407 413
407 414
408 409
408 410
408 411
408 412
408 413
408 414
409 410
409 411
409 412
409 413
409 414
410 411
410 412
410 413
410 414
411 412
411 413
411 414
412 413
412 414
413 414
